0
0
0
0
0
0
0
0
0
0
0
0
0
0
0
0
0
0
0
0
0
0
0.001980151713
0.002236081739
0.001020487953
0.001335930617
0.0008171864991
0.001573981496
0.00060857619
0.001763567347
0.0003144371921
0.001826073578
6.571036597e-05
0.001942082738
-0.0002442686583
0.001952106667
-0.0004649645584
0.00146392199
-0.0007897221852
0.001698484779
-0.001248102567
0.001711502076
-0.002018752182
0.00228596624
0.002779901765
0.004222902121
0.002144783365
0.003724262136
0.001521373141
0.0038252364
0.001013725651
0.003948762419
0.0005299609669
0.003178250682
2.787754649e-05
0.003390286528
-0.0004962188619
0.003806779351
-0.0008395008113
0.003513257699
-0.001389621685
0.003275261637
-0.0020700033
0.00362559688
-0.002792879734
0.004225770411
0.003245001685
0.006080915315
0.002697367083
0.005884668119
0.001775399887
0.005777809186
0.001240208821
0.005913646118
0.0006934823389
0.00551419768
-8.65556866e-05
0.005502312105
-0.0006932216139
0.005405477108
-0.001275214755
0.005069189899
-0.001787904048
0.005387825901
-0.002469164587
0.005341224606
-0.003241128843
0.006073058319
0.003486819182
0.007967872888
0.002834255455
0.007558866124
0.001982107535
0.007503286578
0.001335723285
0.007881123216
0.0007754974417
0.007802213716
-0.0001132111032
0.006961124747
-0.000764491779
0.007299407132
-0.001514779733
0.00739249134
-0.002167758383
0.007740891969
-0.002976939874
0.008107453684
-0.003496357322
0.007973264168
0.003614224178
0.009905014353
0.003001678601
0.01000604323
0.002024423277
0.00923721741
0.001617724809
0.009122963548
0.0005860067305
0.00920270541
-0.0001674907722
0.009678640263
-0.0008726461198
0.009314217101
-0.001421655419
0.009815366686
-0.002347176656
0.009557183916
-0.002786183338
0.01010106014
-0.003622307532
0.009910543742
0.003680493733
0.01187957769
0.002960363329
0.01174012687
0.002320213345
0.01162931122
0.001451332652
0.0115476763
0.0006886304929
0.01209004494
-0.0001227738035
0.01114652991
-0.0008110927778
0.01143857037
-0.001499119339
0.01169187811
-0.002243935593
0.01192699898
-0.002940871759
0.01221968814
-0.003687151415
0.01188121812
0.003707070628
0.01388426219
0.003077266665
0.01429424312
0.002258820371
0.01387618282
0.001590674657
0.01353323516
0.0006179711952
0.01328255579
-2.574312075e-05
0.01371132029
-0.0005952442363
0.01422107097
-0.001493201051
0.01401895868
-0.002190328932
0.01394422456
-0.002930123718
0.01337907145
-0.00371677288
0.01388679898
0.003719597743
0.01591132126
0.003143072735
0.01557075417
0.002073900355
0.01549698749
0.001354708904
0.01555440824
0.0006890968679
0.0154282276
-8.42430026e-05
0.01554573052
-0.0007591927309
0.01565730391
-0.001511176764
0.01571038188
-0.002202780782
0.01601188715
-0.002868003704
0.0159430989
-0.003726602086
0.01591401085
0.003721205968
0.01795336081
0.002964285054
0.01822479667
0.002179749811
0.01837637864
0.001666248606
0.01798369268
0.000787591774
0.0181170463
7.637565157e-05
0.0179813082
-0.000712244148
0.01772836498
-0.001655116445
0.01803763748
-0.002166190183
0.01762726318
-0.002922163765
0.01758417322
-0.003731067764
0.01795385092
0.003722555675
0.02
0.002987457776
0.02
0.00224788411
0.02
0.001501577109
0.02
0.0007503533158
0.02
-4.884592916e-06
0.02
-0.0007598880726
0.02
-0.001511693916
0.02
-0.002257002214
0.02
-0.002996696759
0.02
-0.003731820552
0.02
