0
0
0
0
0
0
0
0
0
0
0
0
0
0
0
0
0
0
0
0
0
0
0.004002582068
0.001518253065
0.002208080344
0.0007634526178
0.001760330825
0.0009343497806
0.001301926397
0.001042301455
0.0006690301333
0.00103442164
0.0001458133559
0.001094734135
-0.0005263348357
0.001173232161
-0.001030836861
0.0008205067738
-0.001754425408
0.0009953710044
-0.002678583906
0.00107225707
-0.00406050145
0.001649056428
0.005677576803
0.003641492644
0.004414272704
0.002929971642
0.003212635933
0.002848535804
0.002177936546
0.002802530533
0.001152855879
0.002096753177
2.425443301e-05
0.002276596969
-0.001103292699
0.00264630552
-0.00181224685
0.002480177136
-0.002947738738
0.002343860049
-0.004282388651
0.002754011055
-0.005710618326
0.003628961804
0.006589127249
0.005476960872
0.005543886158
0.005086955626
0.003711555944
0.00471535228
0.002605652057
0.004742619546
0.001471664586
0.004328227429
-0.000168791811
0.004265061576
-0.001452935397
0.004187630057
-0.002684381074
0.003947700626
-0.003721723279
0.004346154787
-0.00508561826
0.004476217176
-0.00658908149
0.005417364024
0.007069854128
0.00732865011
0.005801350596
0.006772235969
0.004097080588
0.006515684889
0.002772975619
0.006801135026
0.001621926257
0.006675634071
-0.0002259009271
0.005763810799
-0.001595812065
0.006138538207
-0.003142672906
0.006334169337
-0.004466633805
0.00678857926
-0.00607533703
0.00735659454
-0.007090819269
0.007332181945
0.007311949714
0.009300127025
0.006109449697
0.009322743272
0.004162877511
0.008339049869
0.003336105571
0.008159593235
0.001205169754
0.008171531346
-0.0003473381958
0.008678298995
-0.001794920153
0.008303671044
-0.002913908475
0.008895185496
-0.004794836384
0.008736671226
-0.005669163361
0.009383394861
-0.00731672757
0.009305621688
0.007437668671
0.01134584003
0.00601068922
0.01114044627
0.004725499659
0.01094433031
0.002961592628
0.01078023115
0.001408053334
0.01132506467
-0.0002486031856
0.01027630727
-0.001657284344
0.01061782625
-0.003059265578
0.01093433133
-0.004565342898
0.01126604973
-0.005961764602
0.0116391752
-0.007439973902
0.01134814247
0.007480260262
0.01345721941
0.006223492633
0.01386547208
0.00458379407
0.01337075772
0.003234979354
0.01295289306
0.001260387921
0.01263059405
-5.008289941e-05
0.01309662076
-0.00120612736
0.01366337846
-0.00302887587
0.0134739582
-0.004438071218
0.01343825496
-0.00593102803
0.01287731993
-0.007500232679
0.01345639714
0.007506500911
0.01561274583
0.006351582583
0.01523767007
0.004199515698
0.01511537731
0.002748411909
0.01514718774
0.001401689158
0.01498872836
-0.0001668773933
0.01511333719
-0.001535930459
0.01524402346
-0.003057973816
0.01532174681
-0.004453066523
0.01567790643
-0.005790437716
0.01562796001
-0.007511676875
0.01561686588
0.007505628438
0.01780177232
0.005985864687
0.01808927711
0.00440783797
0.01823873108
0.003372816816
0.0178038861
0.001595834732
0.01793835807
0.0001570297822
0.01778697805
-0.00143812559
0.01751253461
-0.003343394352
0.01786338483
-0.004375189182
0.01742713637
-0.005896387158
0.0173950472
-0.007520334931
0.01780250206
0.007507514737
0.02
0.006031604258
0.02
0.004543540717
0.02
0.003037633357
0.02
0.001520664607
0.02
-6.709220634e-06
0.02
-0.001533555577
0.02
-0.00305217544
0.02
-0.004554552163
0.02
-0.0060439094
0.02
-0.007521563362
0.02
