0
0
0
0
0
0
0
0
0
0
0
0
0
0
0
0
0
0
0
0
0
0
0.0003570469303
0.002119210266
0.0001808019147
0.001545890662
0.0001462211206
0.001853171495
0.0001091839143
0.002093067071
5.657529396e-05
0.002188335491
1.173007508e-05
0.002330657415
-4.38070655e-05
0.002319453033
-8.230013774e-05
0.00176406231
-0.0001398149051
0.002006126179
-0.0002226370889
0.001917816675
-0.000364171815
0.002126281931
0.0005265909067
0.004108275208
0.0003978852017
0.003904348627
0.0002791318863
0.004219387309
0.0001845433585
0.004440562081
9.543659148e-05
0.003666748041
6.055962295e-06
0.00389730507
-8.899719425e-05
0.004329755318
-0.0001520943994
0.003981654787
-0.0002531161409
0.003649426364
-0.0003825176504
0.003837911777
-0.0005291728265
0.004108388988
0.0006243057578
0.006077481933
0.0005118639882
0.006052085183
0.0003317102113
0.006181224615
0.0002310423992
0.006396629698
0.0001282629545
0.006042587456
-1.610257468e-05
0.006058547452
-0.000128177022
0.005937824467
-0.0002353576539
0.005539612079
-0.000333202328
0.005776729617
-0.0004654421337
0.005545209047
-0.0006229900502
0.006076180293
0.0006770546325
0.008048866734
0.0005437392656
0.007753148035
0.0003760826208
0.007859876715
0.0002528215479
0.00831558173
0.0001462305857
0.008284619336
-2.129030016e-05
0.007489950163
-0.0001431552453
0.007797314348
-0.0002857728384
0.007816258405
-0.0004122850579
0.008064299096
-0.0005731853241
0.008283721612
-0.0006786473004
0.008049302784
0.0007062723737
0.01002806492
0.0005827135639
0.01019342032
0.0003881652075
0.009557374035
0.0003090938029
0.009495561596
0.00011198139
0.009641199625
-3.159536491e-05
0.01010711533
-0.0001662511427
0.009735266558
-0.0002722819731
0.01018038192
-0.0004517879859
0.009830255838
-0.0005395807837
0.01031287966
-0.0007075058937
0.01002880832
0.0007219272015
0.01201409397
0.0005775863079
0.0119187863
0.0004508368532
0.01186293842
0.0002810027808
0.01184733978
0.0001334100651
0.01240416604
-2.340146016e-05
0.01151185437
-0.0001561889277
0.01177452646
-0.000289695564
0.01198377489
-0.0004357094433
0.012157214
-0.0005738477203
0.01239167359
-0.0007230544382
0.01201399386
0.0007291254279
0.01400554339
0.0006039911384
0.01442616597
0.0004416115067
0.01405351618
0.0003101410975
0.01375405045
0.0001203247837
0.01354768488
-4.674400285e-06
0.01396262733
-0.0001157064865
0.01444680039
-0.0002909081337
0.01422675344
-0.0004277015455
0.01412265747
-0.0005732510145
0.01353261249
-0.0007303818051
0.01400595676
0.0007324966936
0.01600147874
0.0006178973875
0.01567488359
0.0004066925252
0.01563426902
0.0002653660299
0.01571095408
0.000134962861
0.01560300771
-1.619039361e-05
0.01572075231
-0.0001481293338
0.01582180983
-0.0002955460926
0.01585704525
-0.0004317238505
0.01612967813
-0.0005631759733
0.01604457558
-0.0007334795171
0.01600183205
0.0007334475397
0.01800026685
0.0005836792806
0.01826982381
0.0004287734288
0.01842505786
0.0003274802637
0.01805052122
0.0001548851561
0.01818723962
1.531307699e-05
0.01805914407
-0.0001393746457
0.01781373028
-0.0003247027821
0.01810246193
-0.0004252676236
0.01769812693
-0.0005745864065
0.01764524278
-0.0007348507068
0.01800026251
0.00073391723
0.02
0.0005884502779
0.02
0.0004423759557
0.02
0.0002953933453
0.02
0.0001476494561
0.02
-6.27930196e-07
0.02
-0.0001488909901
0.02
-0.0002966906377
0.02
-0.0004436032813
0.02
-0.0005897049433
0.02
-0.0007351403769
0.02
