0
0
0
0
0
0
0
0
0
0
0
0
0
0
0
0
0
0
0
0
0
0
0.004002448661
0.001518122276
0.002207985882
0.0007633388154
0.001760102249
0.0009342218883
0.001301652881
0.001042277589
0.0006688715138
0.001034448248
0.0001458107009
0.001094799109
-0.0005262263111
0.001173345556
-0.001030753784
0.0008205639769
-0.001754328313
0.0009953397435
-0.002678425965
0.001072175848
-0.004060156937
0.001648698533
0.005677394273
0.003641018211
0.004414014879
0.002930042371
0.00321218115
0.002848507178
0.002177528387
0.00280244871
0.001152584544
0.002096753729
2.411288659e-05
0.002276617561
-0.001103161681
0.002646372059
-0.001811892802
0.002480268123
-0.002947259056
0.002343772477
-0.004282071733
0.00275395783
-0.00571037508
0.003628537764
0.006588919237
0.005477066883
0.005543500052
0.005087117703
0.003711179898
0.004715277912
0.002605314058
0.004742377474
0.001471424143
0.004328145752
-0.0001687279241
0.004264967476
-0.001452635269
0.004187468269
-0.002683912637
0.003947606479
-0.003721239536
0.00434610526
-0.005085225033
0.004476258906
-0.006588898431
0.005417432836
0.007069487816
0.007329122054
0.005801058567
0.006772442183
0.004096825386
0.006515625407
0.002772777686
0.006800934765
0.001621788567
0.006675398649
-0.0002258385463
0.005763580748
-0.00159563131
0.006138298131
-0.003142411128
0.006334064335
-0.004466363818
0.006788561908
-0.00607504346
0.007356859642
-0.00709051979
0.007332626803
0.007311794213
0.009300497869
0.006109279136
0.00932300111
0.004162730668
0.008339013102
0.003335968213
0.008159477594
0.001205092069
0.008171260261
-0.0003473454807
0.008678022729
-0.001794852007
0.008303443061
-0.002913806493
0.008895055388
-0.004794665737
0.008736729533
-0.005668992361
0.009383597259
-0.00731649249
0.009306030786
0.007437552468
0.01134617328
0.006010623571
0.011140649
0.004725464453
0.01094437185
0.002961553661
0.01078013675
0.001408041258
0.0113248682
-0.0002486170407
0.01027604731
-0.001657292266
0.01061761973
-0.003059274845
0.01093421458
-0.004565328739
0.01126610779
-0.00596173501
0.01163933259
-0.007439867319
0.0113484914
0.007480231263
0.01345746417
0.006223522048
0.01386559567
0.004583830678
0.01337079868
0.003235006702
0.01295283249
0.001260399752
0.01263041993
-5.009241214e-05
0.01309643744
-0.001206167512
0.01366323122
-0.003028942639
0.01347387302
-0.004438136286
0.01343828469
-0.005931050907
0.01287744898
-0.007500233758
0.01345664235
0.007506545916
0.01561289525
0.006351639314
0.01523777026
0.004199575912
0.01511538464
0.002748468952
0.01514711727
0.001401716401
0.01498861138
-0.0001668945532
0.01511321463
-0.001535985696
0.01524391933
-0.003058062313
0.01532169057
-0.004453169268
0.01567791581
-0.005790526714
0.0156280329
-0.007511722702
0.01561702087
0.00750568978
0.01780183314
0.005985952734
0.01808931868
0.004407932896
0.01823872476
0.003372893059
0.0178038608
0.001595863413
0.01793830857
0.000157015911
0.01778692258
-0.001438184259
0.01751247754
-0.003343503077
0.01786336396
-0.004375313998
0.01742713454
-0.005896507625
0.01739508751
-0.007520422511
0.01780257269
0.007507576524
0.02
0.006031694774
0.02
0.004543636295
0.02
0.003037699137
0.02
0.001520693972
0.02
-6.72685959e-06
0.02
-0.001533619946
0.02
-0.003052277642
0.02
-0.004554675949
0.02
-0.006044041756
0.02
-0.007521668228
0.02
