0
0
0
0
0
0
0
0
0
0
0
0
0
0
0
0
0
0
0
0
0
0
0.0019801495
0.002236076532
0.00102048824
0.001335926024
0.0008171863216
0.001573978925
0.0006085754791
0.001763565831
0.0003144366891
0.00182607243
6.571034274e-05
0.001942082211
-0.0002442692782
0.001952106784
-0.0004649660152
0.001463922555
-0.0007897235532
0.001698483892
-0.001248101962
0.001711497237
-0.002018748302
0.00228595577
0.002779897648
0.004222883101
0.002144781194
0.003724259624
0.00152137175
0.003825234811
0.001013725824
0.003948760045
0.0005299611927
0.003178250065
2.787545218e-05
0.003390286285
-0.0004962215112
0.003806780194
-0.000839503186
0.00351325977
-0.00138962149
0.003275258294
-0.002070001281
0.003625589574
-0.00279287671
0.004225748658
0.003244998525
0.006080906745
0.002697363352
0.005884660668
0.001775398167
0.005777804323
0.001240207602
0.005913642338
0.0006934822713
0.005514198139
-8.655482649e-05
0.005502312909
-0.0006932203196
0.005405476269
-0.001275212428
0.005069188294
-0.001787900602
0.005387821117
-0.002469160718
0.005341215218
-0.003241125666
0.006073045701
0.003486816274
0.007967867195
0.002834252772
0.007558859478
0.001982104882
0.007503280831
0.001335720999
0.007881119165
0.0007754961792
0.007802212183
-0.0001132103767
0.006961124684
-0.000764489861
0.007299405639
-0.001514776902
0.007392488093
-0.002167755331
0.007740885437
-0.002976936833
0.008107446619
-0.003496354875
0.007973257619
0.003614222621
0.009905010943
0.003001676623
0.01000603885
0.002024421136
0.009237212195
0.00161772251
0.009122959111
0.0005860056091
0.009202703639
-0.0001674902539
0.009678638864
-0.0008726440842
0.009314214718
-0.001421652734
0.009815363429
-0.002347173606
0.009557178658
-0.002786180552
0.01010105514
-0.003622305163
0.009910539778
0.003680492836
0.01187957601
0.00296036214
0.01174012381
0.002320212001
0.01162930753
0.001451331272
0.01154767329
0.0006886298465
0.01209004261
-0.000122773422
0.01114652782
-0.0008110915474
0.01143856774
-0.00149911762
0.01169187486
-0.002243933847
0.01192699544
-0.00294087045
0.01221968463
-0.003687150171
0.01188121592
0.003707070468
0.0138842613
0.003077266667
0.01429424144
0.002258819889
0.01387618052
0.001590674135
0.01353323282
0.0006179710746
0.0132825535
-2.574274297e-05
0.01371131812
-0.0005952436034
0.01422106893
-0.00149320017
0.01401895623
-0.002190328088
0.01394422218
-0.002930122912
0.01337906868
-0.003716772769
0.01388679772
0.003719598564
0.01591132082
0.003143073258
0.01557075297
0.002073900551
0.01549698592
0.001354709103
0.01555440657
0.000689097147
0.01542822578
-8.424265313e-05
0.0155457288
-0.0007591923096
0.0156573022
-0.001511176436
0.01571038011
-0.002202780641
0.01601188562
-0.002868003799
0.01594309751
-0.003726602503
0.01591401018
0.00372120714
0.01795336059
0.002964286151
0.01822479624
0.00217975077
0.01837637809
0.00166624934
0.01798369188
0.0007875922872
0.01811704546
7.637596607e-05
0.01798130733
-0.0007122439931
0.01772836401
-0.001655116618
0.01803763666
-0.002166190496
0.01762726225
-0.002922164408
0.01758417246
-0.003731068619
0.0179538506
0.003722556961
0.02
0.002987459036
0.02
0.002247885165
0.02
0.001501577947
0.02
0.0007503538981
0.02
-4.884258579e-06
0.02
-0.0007598880227
0.02
-0.001511694116
0.02
-0.002257002764
0.02
-0.002996697623
0.02
-0.003731821582
0.02
