0
0
0
0
0
0
0
0
0
0
0
0
0
0
0
0
0
0
0
0
0
0
0.0003570468461
0.002119210298
0.0001808019368
0.001545890724
0.0001462212205
0.001853171707
0.0001091840564
0.002093067415
5.657537803e-05
0.002188335838
1.173010117e-05
0.002330657801
-4.380711678e-05
0.002319453484
-8.230023572e-05
0.001764062613
-0.000139814937
0.002006126358
-0.0002226370362
0.001917816753
-0.0003641718168
0.002126281979
0.0005265908627
0.004108275136
0.0003978851515
0.0039043488
0.000279131796
0.004219387687
0.0001845433164
0.004440562699
9.543660362e-05
0.003666748568
6.055981473e-06
0.003897305705
-8.899714097e-05
0.00432975598
-0.0001520943164
0.003981655337
-0.0002531160521
0.003649426659
-0.0003825176987
0.003837911987
-0.0005291728545
0.004108388996
0.0006243056389
0.006077482106
0.0005118638654
0.006052085461
0.000331710068
0.006181225119
0.0002310422555
0.006396630407
0.0001282628561
0.006042588093
-1.610257282e-05
0.00605854816
-0.0001281769552
0.005937825187
-0.0002353575472
0.005539612624
-0.0003332022388
0.005776730126
-0.0004654420903
0.005545209394
-0.0006229900249
0.006076180504
0.000677054418
0.008048866937
0.0005437390558
0.00775314843
0.0003760824333
0.007859877324
0.0002528213997
0.008315582415
0.0001462304931
0.008284619988
-2.129029609e-05
0.007489950843
-0.0001431551518
0.007797315052
-0.0002857726874
0.007816259022
-0.0004122848776
0.00806429969
-0.0005731851027
0.008283722013
-0.0006786470963
0.008049303016
0.0007062721553
0.01002806522
0.0005827133201
0.01019342074
0.0003881650096
0.009557374649
0.0003090936319
0.009495562226
0.0001119813274
0.009641200264
-3.159534291e-05
0.01010711595
-0.0001662510453
0.009735267195
-0.0002722818189
0.01018038252
-0.0004517877497
0.009830256386
-0.0005395805248
0.01031288013
-0.0007075056557
0.01002880862
0.0007219269559
0.0120140943
0.0005775860711
0.0119187867
0.0004508366494
0.0118629389
0.0002810026491
0.0118473403
0.0001334100018
0.01240416656
-2.340144558e-05
0.01151185494
-0.0001561888412
0.01177452701
-0.0002896954143
0.01198377541
-0.0004357092363
0.01215721445
-0.0005738474757
0.01239167399
-0.0007230541993
0.01201399418
0.0007291252205
0.01400554369
0.0006039909506
0.01442616627
0.0004416113492
0.01405351654
0.000310140979
0.01375405085
0.0001203247386
0.01354768532
-4.674387283e-06
0.01396262775
-0.0001157064266
0.01444680076
-0.0002909080045
0.01422675382
-0.0004277013731
0.01412265782
-0.0005732507949
0.01353261284
-0.000730381578
0.01400595706
0.000732496515
0.01600147896
0.0006178972213
0.01567488383
0.0004066924093
0.01563426929
0.0002653659502
0.01571095436
0.0001349628219
0.01560300802
-1.619037628e-05
0.01572075261
-0.0001481292697
0.01582181011
-0.0002955459818
0.01585704552
-0.000431723705
0.01612967836
-0.0005631758017
0.01604457581
-0.0007334793246
0.01600183227
0.0007334473842
0.01800026696
0.0005836791483
0.0182698239
0.000428773326
0.01842505795
0.0003274801841
0.01805052134
0.0001548851269
0.01818723974
1.531308794e-05
0.0180591442
-0.0001393745915
0.01781373043
-0.0003247026801
0.01810246204
-0.0004252674967
0.01769812707
-0.0005745862525
0.01764524292
-0.0007348505363
0.01800026262
0.0007339170784
0.02
0.0005884501489
0.02
0.0004423758549
0.02
0.0002953932817
0.02
0.000147649429
0.02
-6.279168882e-07
0.02
-0.0001488909365
0.02
-0.0002966905468
0.02
-0.0004436031595
0.02
-0.0005897047972
0.02
-0.0007351402135
0.02
